{
 "cells": [
  {
   "cell_type": "markdown",
   "id": "e64560f0",
   "metadata": {},
   "source": [
    "# Sampling of the regression parameters\n",
    "\n",
    "## Libraries and Packages"
   ]
  },
  {
   "cell_type": "code",
   "execution_count": 1,
   "id": "f68167d8",
   "metadata": {},
   "outputs": [],
   "source": [
    "import numpy as np\n",
    "import pandas as pd\n",
    "import holmc as hc\n",
    "import matplotlib.pyplot as plt\n",
    "from sklearn.impute import SimpleImputer\n",
    "from sklearn.preprocessing import StandardScaler\n",
    "from ucimlrepo import fetch_ucirepo"
   ]
  },
  {
   "cell_type": "markdown",
   "id": "2714886f",
   "metadata": {},
   "source": [
    "## Data and Pre-processing"
   ]
  },
  {
   "cell_type": "code",
   "execution_count": 2,
   "id": "9cdf95ff",
   "metadata": {},
   "outputs": [],
   "source": [
    "air_quality = fetch_ucirepo(id=360)\n",
    "# X_raw contains the entire dataset including the target variable\n",
    "X_raw = air_quality.data.features\n",
    "# Convert X_raw to PandasDataFrame\n",
    "X_df = pd.DataFrame(X_raw)\n",
    "# Extract y and convert it to numpy arrays\n",
    "y = X_df['CO(GT)'].replace(-200, np.nan).astype(float)\n",
    "mask = ~y.isna()\n",
    "y = y[mask].values\n",
    "# Drop the target from the X_df\n",
    "X_df = X_df.loc[mask].copy()\n",
    "X_df.drop(columns=['CO(GT)'], inplace=True)"
   ]
  },
  {
   "cell_type": "markdown",
   "id": "9885eb6f",
   "metadata": {},
   "source": [
    "Primarily, this is how it looks like"
   ]
  },
  {
   "cell_type": "code",
   "execution_count": 3,
   "id": "57d12798",
   "metadata": {},
   "outputs": [
    {
     "data": {
      "text/html": [
       "<div>\n",
       "<style scoped>\n",
       "    .dataframe tbody tr th:only-of-type {\n",
       "        vertical-align: middle;\n",
       "    }\n",
       "\n",
       "    .dataframe tbody tr th {\n",
       "        vertical-align: top;\n",
       "    }\n",
       "\n",
       "    .dataframe thead th {\n",
       "        text-align: right;\n",
       "    }\n",
       "</style>\n",
       "<table border=\"1\" class=\"dataframe\">\n",
       "  <thead>\n",
       "    <tr style=\"text-align: right;\">\n",
       "      <th></th>\n",
       "      <th>Date</th>\n",
       "      <th>Time</th>\n",
       "      <th>PT08.S1(CO)</th>\n",
       "      <th>NMHC(GT)</th>\n",
       "      <th>C6H6(GT)</th>\n",
       "      <th>PT08.S2(NMHC)</th>\n",
       "      <th>NOx(GT)</th>\n",
       "      <th>PT08.S3(NOx)</th>\n",
       "      <th>NO2(GT)</th>\n",
       "      <th>PT08.S4(NO2)</th>\n",
       "      <th>PT08.S5(O3)</th>\n",
       "      <th>T</th>\n",
       "      <th>RH</th>\n",
       "      <th>AH</th>\n",
       "    </tr>\n",
       "  </thead>\n",
       "  <tbody>\n",
       "    <tr>\n",
       "      <th>0</th>\n",
       "      <td>3/10/2004</td>\n",
       "      <td>18:00:00</td>\n",
       "      <td>1360</td>\n",
       "      <td>150</td>\n",
       "      <td>11.9</td>\n",
       "      <td>1046</td>\n",
       "      <td>166</td>\n",
       "      <td>1056</td>\n",
       "      <td>113</td>\n",
       "      <td>1692</td>\n",
       "      <td>1268</td>\n",
       "      <td>13.6</td>\n",
       "      <td>48.9</td>\n",
       "      <td>0.7578</td>\n",
       "    </tr>\n",
       "    <tr>\n",
       "      <th>1</th>\n",
       "      <td>3/10/2004</td>\n",
       "      <td>19:00:00</td>\n",
       "      <td>1292</td>\n",
       "      <td>112</td>\n",
       "      <td>9.4</td>\n",
       "      <td>955</td>\n",
       "      <td>103</td>\n",
       "      <td>1174</td>\n",
       "      <td>92</td>\n",
       "      <td>1559</td>\n",
       "      <td>972</td>\n",
       "      <td>13.3</td>\n",
       "      <td>47.7</td>\n",
       "      <td>0.7255</td>\n",
       "    </tr>\n",
       "    <tr>\n",
       "      <th>2</th>\n",
       "      <td>3/10/2004</td>\n",
       "      <td>20:00:00</td>\n",
       "      <td>1402</td>\n",
       "      <td>88</td>\n",
       "      <td>9.0</td>\n",
       "      <td>939</td>\n",
       "      <td>131</td>\n",
       "      <td>1140</td>\n",
       "      <td>114</td>\n",
       "      <td>1555</td>\n",
       "      <td>1074</td>\n",
       "      <td>11.9</td>\n",
       "      <td>54.0</td>\n",
       "      <td>0.7502</td>\n",
       "    </tr>\n",
       "    <tr>\n",
       "      <th>3</th>\n",
       "      <td>3/10/2004</td>\n",
       "      <td>21:00:00</td>\n",
       "      <td>1376</td>\n",
       "      <td>80</td>\n",
       "      <td>9.2</td>\n",
       "      <td>948</td>\n",
       "      <td>172</td>\n",
       "      <td>1092</td>\n",
       "      <td>122</td>\n",
       "      <td>1584</td>\n",
       "      <td>1203</td>\n",
       "      <td>11.0</td>\n",
       "      <td>60.0</td>\n",
       "      <td>0.7867</td>\n",
       "    </tr>\n",
       "    <tr>\n",
       "      <th>4</th>\n",
       "      <td>3/10/2004</td>\n",
       "      <td>22:00:00</td>\n",
       "      <td>1272</td>\n",
       "      <td>51</td>\n",
       "      <td>6.5</td>\n",
       "      <td>836</td>\n",
       "      <td>131</td>\n",
       "      <td>1205</td>\n",
       "      <td>116</td>\n",
       "      <td>1490</td>\n",
       "      <td>1110</td>\n",
       "      <td>11.2</td>\n",
       "      <td>59.6</td>\n",
       "      <td>0.7888</td>\n",
       "    </tr>\n",
       "    <tr>\n",
       "      <th>...</th>\n",
       "      <td>...</td>\n",
       "      <td>...</td>\n",
       "      <td>...</td>\n",
       "      <td>...</td>\n",
       "      <td>...</td>\n",
       "      <td>...</td>\n",
       "      <td>...</td>\n",
       "      <td>...</td>\n",
       "      <td>...</td>\n",
       "      <td>...</td>\n",
       "      <td>...</td>\n",
       "      <td>...</td>\n",
       "      <td>...</td>\n",
       "      <td>...</td>\n",
       "    </tr>\n",
       "    <tr>\n",
       "      <th>9352</th>\n",
       "      <td>4/4/2005</td>\n",
       "      <td>10:00:00</td>\n",
       "      <td>1314</td>\n",
       "      <td>-200</td>\n",
       "      <td>13.5</td>\n",
       "      <td>1101</td>\n",
       "      <td>472</td>\n",
       "      <td>539</td>\n",
       "      <td>190</td>\n",
       "      <td>1374</td>\n",
       "      <td>1729</td>\n",
       "      <td>21.9</td>\n",
       "      <td>29.3</td>\n",
       "      <td>0.7568</td>\n",
       "    </tr>\n",
       "    <tr>\n",
       "      <th>9353</th>\n",
       "      <td>4/4/2005</td>\n",
       "      <td>11:00:00</td>\n",
       "      <td>1163</td>\n",
       "      <td>-200</td>\n",
       "      <td>11.4</td>\n",
       "      <td>1027</td>\n",
       "      <td>353</td>\n",
       "      <td>604</td>\n",
       "      <td>179</td>\n",
       "      <td>1264</td>\n",
       "      <td>1269</td>\n",
       "      <td>24.3</td>\n",
       "      <td>23.7</td>\n",
       "      <td>0.7119</td>\n",
       "    </tr>\n",
       "    <tr>\n",
       "      <th>9354</th>\n",
       "      <td>4/4/2005</td>\n",
       "      <td>12:00:00</td>\n",
       "      <td>1142</td>\n",
       "      <td>-200</td>\n",
       "      <td>12.4</td>\n",
       "      <td>1063</td>\n",
       "      <td>293</td>\n",
       "      <td>603</td>\n",
       "      <td>175</td>\n",
       "      <td>1241</td>\n",
       "      <td>1092</td>\n",
       "      <td>26.9</td>\n",
       "      <td>18.3</td>\n",
       "      <td>0.6406</td>\n",
       "    </tr>\n",
       "    <tr>\n",
       "      <th>9355</th>\n",
       "      <td>4/4/2005</td>\n",
       "      <td>13:00:00</td>\n",
       "      <td>1003</td>\n",
       "      <td>-200</td>\n",
       "      <td>9.5</td>\n",
       "      <td>961</td>\n",
       "      <td>235</td>\n",
       "      <td>702</td>\n",
       "      <td>156</td>\n",
       "      <td>1041</td>\n",
       "      <td>770</td>\n",
       "      <td>28.3</td>\n",
       "      <td>13.5</td>\n",
       "      <td>0.5139</td>\n",
       "    </tr>\n",
       "    <tr>\n",
       "      <th>9356</th>\n",
       "      <td>4/4/2005</td>\n",
       "      <td>14:00:00</td>\n",
       "      <td>1071</td>\n",
       "      <td>-200</td>\n",
       "      <td>11.9</td>\n",
       "      <td>1047</td>\n",
       "      <td>265</td>\n",
       "      <td>654</td>\n",
       "      <td>168</td>\n",
       "      <td>1129</td>\n",
       "      <td>816</td>\n",
       "      <td>28.5</td>\n",
       "      <td>13.1</td>\n",
       "      <td>0.5028</td>\n",
       "    </tr>\n",
       "  </tbody>\n",
       "</table>\n",
       "<p>7674 rows × 14 columns</p>\n",
       "</div>"
      ],
      "text/plain": [
       "           Date      Time  PT08.S1(CO)  NMHC(GT)  C6H6(GT)  PT08.S2(NMHC)  \\\n",
       "0     3/10/2004  18:00:00         1360       150      11.9           1046   \n",
       "1     3/10/2004  19:00:00         1292       112       9.4            955   \n",
       "2     3/10/2004  20:00:00         1402        88       9.0            939   \n",
       "3     3/10/2004  21:00:00         1376        80       9.2            948   \n",
       "4     3/10/2004  22:00:00         1272        51       6.5            836   \n",
       "...         ...       ...          ...       ...       ...            ...   \n",
       "9352   4/4/2005  10:00:00         1314      -200      13.5           1101   \n",
       "9353   4/4/2005  11:00:00         1163      -200      11.4           1027   \n",
       "9354   4/4/2005  12:00:00         1142      -200      12.4           1063   \n",
       "9355   4/4/2005  13:00:00         1003      -200       9.5            961   \n",
       "9356   4/4/2005  14:00:00         1071      -200      11.9           1047   \n",
       "\n",
       "      NOx(GT)  PT08.S3(NOx)  NO2(GT)  PT08.S4(NO2)  PT08.S5(O3)     T    RH  \\\n",
       "0         166          1056      113          1692         1268  13.6  48.9   \n",
       "1         103          1174       92          1559          972  13.3  47.7   \n",
       "2         131          1140      114          1555         1074  11.9  54.0   \n",
       "3         172          1092      122          1584         1203  11.0  60.0   \n",
       "4         131          1205      116          1490         1110  11.2  59.6   \n",
       "...       ...           ...      ...           ...          ...   ...   ...   \n",
       "9352      472           539      190          1374         1729  21.9  29.3   \n",
       "9353      353           604      179          1264         1269  24.3  23.7   \n",
       "9354      293           603      175          1241         1092  26.9  18.3   \n",
       "9355      235           702      156          1041          770  28.3  13.5   \n",
       "9356      265           654      168          1129          816  28.5  13.1   \n",
       "\n",
       "          AH  \n",
       "0     0.7578  \n",
       "1     0.7255  \n",
       "2     0.7502  \n",
       "3     0.7867  \n",
       "4     0.7888  \n",
       "...      ...  \n",
       "9352  0.7568  \n",
       "9353  0.7119  \n",
       "9354  0.6406  \n",
       "9355  0.5139  \n",
       "9356  0.5028  \n",
       "\n",
       "[7674 rows x 14 columns]"
      ]
     },
     "execution_count": 3,
     "metadata": {},
     "output_type": "execute_result"
    }
   ],
   "source": [
    "X_df"
   ]
  },
  {
   "cell_type": "code",
   "execution_count": 4,
   "id": "2ee3ea2c",
   "metadata": {},
   "outputs": [],
   "source": [
    "# Further pre-processing of the features\n",
    "# Create a new feature called 'datetime'\n",
    "X_df['datetime']=pd.to_datetime(\n",
    "    X_df['Date']+\" \"+X_df['Time'], dayfirst=True,\n",
    "    format='mixed'\n",
    ")\n",
    "# Drop the original 'Date' and 'Time' feature as they\n",
    "# are already included in the 'datetime' feature\n",
    "X_df.drop(columns=['Date','Time'], inplace=True)\n",
    "# Create 4 new features from the 'datetime' feature\n",
    "X_df['day'] = X_df['datetime'].dt.day\n",
    "X_df['hour'] = X_df['datetime'].dt.hour\n",
    "X_df['month'] = X_df['datetime'].dt.month\n",
    "X_df['year'] = X_df['datetime'].dt.year\n",
    "# Drop the original 'datetime' feature\n",
    "X_df.drop(columns=['datetime'], inplace=True)\n",
    "# Replace -200 for the placeholder in the \n",
    "# missing data, and filled with Numpy nan values\n",
    "X_df.replace(-200, np.nan, inplace=True)\n",
    "# Use the sklearn imputer to impute the missing values\n",
    "imputer = SimpleImputer(strategy=\"mean\")\n",
    "X_imputed = imputer.fit_transform(X_df)\n",
    "# Standardize the final data set\n",
    "scaler = StandardScaler()\n",
    "X = scaler.fit_transform(X_imputed)"
   ]
  },
  {
   "cell_type": "markdown",
   "id": "3431821b",
   "metadata": {},
   "source": [
    "## Sampling the regression parameters  \n",
    "### Priors and known posteriors"
   ]
  },
  {
   "cell_type": "code",
   "execution_count": 5,
   "id": "e5c4c8e5",
   "metadata": {},
   "outputs": [
    {
     "name": "stdout",
     "output_type": "stream",
     "text": [
      "Prior Mean: [0. 0. 0. 0. 0. 0. 0. 0. 0. 0. 0. 0. 0. 0. 0. 0.]     Poseterior Mean: [ 0.286388    0.07183008  0.80755753 -0.37270877  0.50691442 -0.03602451\n",
      "  0.12320721  0.38556753 -0.15464654 -0.20894354 -0.10496172 -0.07301214\n",
      " -0.00271707  0.10569938  0.02607148 -0.09253256]\n",
      "Prior Covariance: \n",
      "[[10.  0.  0.  0.  0.  0.  0.  0.  0.  0.  0.  0.  0.  0.  0.  0.]\n",
      " [ 0. 10.  0.  0.  0.  0.  0.  0.  0.  0.  0.  0.  0.  0.  0.  0.]\n",
      " [ 0.  0. 10.  0.  0.  0.  0.  0.  0.  0.  0.  0.  0.  0.  0.  0.]\n",
      " [ 0.  0.  0. 10.  0.  0.  0.  0.  0.  0.  0.  0.  0.  0.  0.  0.]\n",
      " [ 0.  0.  0.  0. 10.  0.  0.  0.  0.  0.  0.  0.  0.  0.  0.  0.]\n",
      " [ 0.  0.  0.  0.  0. 10.  0.  0.  0.  0.  0.  0.  0.  0.  0.  0.]\n",
      " [ 0.  0.  0.  0.  0.  0. 10.  0.  0.  0.  0.  0.  0.  0.  0.  0.]\n",
      " [ 0.  0.  0.  0.  0.  0.  0. 10.  0.  0.  0.  0.  0.  0.  0.  0.]\n",
      " [ 0.  0.  0.  0.  0.  0.  0.  0. 10.  0.  0.  0.  0.  0.  0.  0.]\n",
      " [ 0.  0.  0.  0.  0.  0.  0.  0.  0. 10.  0.  0.  0.  0.  0.  0.]\n",
      " [ 0.  0.  0.  0.  0.  0.  0.  0.  0.  0. 10.  0.  0.  0.  0.  0.]\n",
      " [ 0.  0.  0.  0.  0.  0.  0.  0.  0.  0.  0. 10.  0.  0.  0.  0.]\n",
      " [ 0.  0.  0.  0.  0.  0.  0.  0.  0.  0.  0.  0. 10.  0.  0.  0.]\n",
      " [ 0.  0.  0.  0.  0.  0.  0.  0.  0.  0.  0.  0.  0. 10.  0.  0.]\n",
      " [ 0.  0.  0.  0.  0.  0.  0.  0.  0.  0.  0.  0.  0.  0. 10.  0.]\n",
      " [ 0.  0.  0.  0.  0.  0.  0.  0.  0.  0.  0.  0.  0.  0.  0. 10.]]\n",
      "Posterior Covariance: \n",
      "[[ 1.20932074e-03 -3.10327617e-05 -4.60872074e-05 -1.77435399e-04\n",
      "  -6.84648377e-05  3.75054884e-05  4.79869886e-05 -4.96518612e-04\n",
      "  -5.11563222e-04 -6.37518911e-05 -1.89557589e-04  2.29868477e-04\n",
      "  -3.01451852e-05 -9.11616348e-05  2.48649689e-05 -1.73805206e-04]\n",
      " [-3.10327617e-05  1.53614854e-04 -1.32131129e-04  1.05609734e-04\n",
      "   4.99947060e-05  5.01440488e-05 -1.43047369e-05  5.32228393e-07\n",
      "   1.90553927e-05  1.76460147e-05  1.37210304e-05  2.98459985e-06\n",
      "   1.22318928e-06  3.32832369e-06  3.47398886e-06  1.22119442e-05]\n",
      " [-4.60872074e-05 -1.32131129e-04  6.48476566e-03 -6.83179903e-03\n",
      "  -7.11555515e-04 -1.09671144e-03  5.23103908e-04 -5.71416669e-04\n",
      "   1.08158203e-04  6.01556423e-04  3.94480669e-04 -3.58246261e-04\n",
      "  -1.17998382e-04  1.37849457e-04 -1.47648934e-04 -6.54409871e-04]\n",
      " [-1.77435399e-04  1.05609734e-04 -6.83179903e-03  1.01670597e-02\n",
      "   1.19463683e-04  1.85124788e-03 -4.42617533e-04 -1.05474480e-03\n",
      "  -6.76840501e-04 -5.26526304e-04 -4.01939378e-05  9.88157301e-04\n",
      "   7.84430654e-05 -3.01541473e-04  1.04734442e-04  8.41353242e-04]\n",
      " [-6.84648377e-05  4.99947060e-05 -7.11555515e-04  1.19463683e-04\n",
      "   7.17454480e-04 -3.36617261e-05 -3.64814070e-04  5.42550719e-04\n",
      "  -3.61978285e-05 -5.92826395e-05 -1.78676033e-04 -1.53208615e-04\n",
      "   1.56088045e-05  2.73379237e-05 -3.36906930e-05  7.70035995e-05]\n",
      " [ 3.75054884e-05  5.01440488e-05 -1.09671144e-03  1.85124788e-03\n",
      "  -3.36617261e-05  8.98937497e-04  2.97288042e-06 -3.26381009e-04\n",
      "   1.57636752e-04  8.61669401e-06  3.43349726e-05  3.51223537e-04\n",
      "   3.46839552e-05 -2.01876089e-05  5.59866323e-05  3.23204593e-04]\n",
      " [ 4.79869886e-05 -1.43047369e-05  5.23103908e-04 -4.42617533e-04\n",
      "  -3.64814070e-04  2.97288042e-06  6.00852557e-04 -1.91798542e-04\n",
      "  -1.25574531e-04 -4.83247392e-06  9.35132592e-05  1.71695674e-04\n",
      "  -7.23305693e-06 -4.94552085e-05 -1.57405400e-05 -1.74072794e-04]\n",
      " [-4.96518612e-04  5.32228393e-07 -5.71416669e-04 -1.05474480e-03\n",
      "   5.42550719e-04 -3.26381009e-04 -1.91798542e-04  2.07807261e-03\n",
      "   1.62441055e-04 -3.75111751e-04 -2.77182470e-04 -6.14772138e-04\n",
      "   9.60335098e-05  9.90190137e-05  1.59554686e-04  3.18528944e-04]\n",
      " [-5.11563222e-04  1.90553927e-05  1.08158203e-04 -6.76840501e-04\n",
      "  -3.61978285e-05  1.57636752e-04 -1.25574531e-04  1.62441055e-04\n",
      "   1.20741705e-03  2.35744788e-04  5.64298510e-05 -1.40253991e-04\n",
      "   2.35958425e-05  1.20802691e-04 -1.43042160e-05  7.84398278e-05]\n",
      " [-6.37518911e-05  1.76460147e-05  6.01556423e-04 -5.26526304e-04\n",
      "  -5.92826395e-05  8.61669401e-06 -4.83247392e-06 -3.75111751e-04\n",
      "   2.35744788e-04  1.87530810e-03  1.24752614e-03 -1.20912718e-03\n",
      "  -9.89588897e-06  1.67862861e-05 -2.98245369e-05  3.43918998e-05]\n",
      " [-1.89557589e-04  1.37210304e-05  3.94480669e-04 -4.01939378e-05\n",
      "  -1.78676033e-04  3.43349726e-05  9.35132592e-05 -2.77182470e-04\n",
      "   5.64298510e-05  1.24752614e-03  1.07312432e-03 -8.45880294e-04\n",
      "  -1.60613504e-05  4.26998001e-05 -2.31458299e-05  9.65957714e-06]\n",
      " [ 2.29868477e-04  2.98459985e-06 -3.58246261e-04  9.88157301e-04\n",
      "  -1.53208615e-04  3.51223537e-04  1.71695674e-04 -6.14772138e-04\n",
      "  -1.40253991e-04 -1.20912718e-03 -8.45880294e-04  1.43179742e-03\n",
      "  -1.40798350e-05 -5.40879187e-05 -3.65260537e-05 -1.20980632e-05]\n",
      " [-3.01451852e-05  1.22318928e-06 -1.17998382e-04  7.84430654e-05\n",
      "   1.56088045e-05  3.46839552e-05 -7.23305693e-06  9.60335098e-05\n",
      "   2.35958425e-05 -9.89588897e-06 -1.60613504e-05 -1.40798350e-05\n",
      "   1.46864389e-04 -7.70376484e-07  3.97120322e-05  7.99243117e-05]\n",
      " [-9.11616348e-05  3.32832369e-06  1.37849457e-04 -3.01541473e-04\n",
      "   2.73379237e-05 -2.01876089e-05 -4.94552085e-05  9.90190137e-05\n",
      "   1.20802691e-04  1.67862861e-05  4.26998001e-05 -5.40879187e-05\n",
      "  -7.70376484e-07  1.87807107e-04 -1.01812401e-06  6.62289420e-06]\n",
      " [ 2.48649689e-05  3.47398886e-06 -1.47648934e-04  1.04734442e-04\n",
      "  -3.36906930e-05  5.59866323e-05 -1.57405400e-05  1.59554686e-04\n",
      "  -1.43042160e-05 -2.98245369e-05 -2.31458299e-05 -3.65260537e-05\n",
      "   3.97120322e-05 -1.01812401e-06  2.12025573e-04  1.65472999e-04]\n",
      " [-1.73805206e-04  1.22119442e-05 -6.54409871e-04  8.41353242e-04\n",
      "   7.70035995e-05  3.23204593e-04 -1.74072794e-04  3.18528944e-04\n",
      "   7.84398278e-05  3.43918998e-05  9.65957714e-06 -1.20980632e-05\n",
      "   7.99243117e-05  6.62289420e-06  1.65472999e-04  5.26982443e-04]]\n"
     ]
    }
   ],
   "source": [
    "metric = hc.Wasserstein2Distance(X=X,y=y)\n",
    "prior_mean, prior_cov = metric.priors()\n",
    "posterior_mean, posterior_cov = metric.posteriors()\n",
    "print(\"Prior Mean: {}     Poseterior Mean: {}\".format(\n",
    "    prior_mean, posterior_mean))\n",
    "\n",
    "print(\"Prior Covariance: \\n{}\".format(\n",
    "    prior_cov))\n",
    "\n",
    "print(\"Posterior Covariance: \\n{}\".format(\n",
    "    posterior_cov))"
   ]
  },
  {
   "cell_type": "code",
   "execution_count": 6,
   "id": "bda4f545",
   "metadata": {},
   "outputs": [
    {
     "name": "stderr",
     "output_type": "stream",
     "text": [
      "100%|██████████| 1000/1000 [00:00<00:00, 33793.96it/s]\n",
      "100%|██████████| 1000/1000 [00:00<00:00, 4935.39it/s]\n"
     ]
    }
   ],
   "source": [
    "seed = 101\n",
    "np.random.seed(seed)\n",
    "N = 1000 # Number of samples to draw from the posterior\n",
    "lamb = 2 # Regularization parameter\n",
    "eta = 0.005 # Step size for Langevin dynamics\n",
    "gamma = 20 \n",
    "xi = 20\n",
    "o3p = hc.O3Params(eta=eta, gamma=gamma, xi=xi)\n",
    "sampler3 = hc.HoLMCSamplerO3Regression(\n",
    "    params=o3p, N=N, seed=seed, show_progress=True\n",
    ")\n",
    "gamma = 20\n",
    "o4p = hc.O4Params(eta=eta, gamma=gamma)\n",
    "sampler4 = hc.HoLMCSamplerO4Regression(\n",
    "    params=o4p,\n",
    "    N=N,\n",
    "    seed=seed,\n",
    "    show_progress=True\n",
    ")\n",
    "sample3 = sampler3.sample(X=X, y=y, lamb=lamb)\n",
    "sample4 = sampler4.sample(X=X, y=y, lamb=lamb)"
   ]
  },
  {
   "cell_type": "code",
   "execution_count": 7,
   "id": "c8c559b8",
   "metadata": {},
   "outputs": [
    {
     "data": {
